50200,'1',616,,8072,2,0,11 6,1,30,,8068,2,0,11 6,1,70,,8065,2,0,11 6,1,30,,8084,2,0,11 6,1,70,,8069,2,0,11 6,1,30,,7617,2,0,11 6,1,70,,6949,2,0,11 6,1,30,,8067,2,0,11 6,1,70,,8080,2,0,11 6,1,30,,8063,2,0,11 6,1,70,,8066,2,0,11 6,1,30,,8071,2,0,11 6,1,70,,8060,2,0,11 6,1,30,,8082,2,0,11 6,1,70,,8078,2,0,11 6,1,30,,8085,2,0,11 6,1,70,,8061,2,0,11 6,1,30,,8079,2,0,11 6,1,70,,8077,2,0,11 6,1,30,,8083,2,0,11 6,1,70,,8081,2,0,11 6,1,30,,8062,2,0,11 6,1,70,,7555,2,0,11 6,1,30,,8073,2,0,11 6,1,85,,8064,2,0,11 6,1,100,,8075,2,0,11 6,1,100,,8074,2,0,11 6,1,100,,8076,2,0,11 6,1,100,,8070,2,0,11 6,1
50200,'3',631,,8094,2,0,11 6,1,100,,8093,2,0,11 6,1,100,,8087,2,0,11 6,1,100,,8096,2,0,11 6,1,100,,8089,2,0,11 6,1,100,,8095,2,0,11 6,1,100,,8092,2,0,11 6,1,100,,8100,2,0,11 6,1,100,,8086,2,0,11 6,1,100,,8101,2,0,11 6,1,100,,8091,2,0,11 6,1,100,,8098,2,0,11 6,1,100,,8088,2,0,11 6,1,100,,8099,2,0,11 6,1,100,,8097,2,0,11 6,1,100,,8090,2,0,11 6,1
50200,'4',1031,,8106,2,0,11 6,1,100,,8103,2,0,11 6,1,100,,8102,2,0,11 6,1,100,,8104,2,0,11 6,1,100,,8105,2,0,11 6,1,100,,8109,2,0,11 6,1,100,,8107,2,0,11 6,1,100,,8108,2,0,11 6,1
50300,'1',601,,8185,2,0,9 10,1,30,,8162,2,0,9 10,1,70,,8168,2,0,9 10,1,30,,8164,2,0,9 10,1,70,,8170,2,0,9 10,1,30,,8174,2,0,9 10,1,70,,8166,2,0,9 10,1,30,,8181,2,0,9 10,1,70,,8163,2,0,9 10,1,30,,8179,2,0,9 10,1,70,,8188,2,0,9 10,1,30,,8178,2,0,9 10,1,70,,8169,2,0,9 10,1,30,,8171,2,0,9 10,1,70,,8175,2,0,9 10,1,30,,8160,2,0,9 10,1,70,,8187,2,0,9 10,1,30,,8176,2,0,9 10,1,70,,8173,2,0,9 10,1,30,,8165,2,0,9 10,1,70,,8180,2,0,9 10,1,30,,8184,2,0,9 10,1,70,,8183,2,0,9 10,1,30,,8172,2,0,9 10,1,70,,8177,2,0,9 10,1,100,,8161,2,0,9 10,1,100,,8186,2,0,9 10,1,100,,8167,2,0,9 10,1,100,,8182,2,0,9 10,1
50300,'3',601,,8190,2,0,9 10,1,100,,8201,2,0,9 10,1,100,,8196,2,0,9 10,1,100,,8193,2,0,9 10,1,100,,8191,2,0,9 10,1,100,,8189,2,0,9 10,1,100,,8203,2,0,9 10,1,100,,8204,2,0,9 10,1,100,,8200,2,0,9 10,1,100,,8199,2,0,9 10,1,100,,8195,2,0,9 10,1,100,,8198,2,0,9 10,1,100,,8197,2,0,9 10,1,100,,8202,2,0,9 10,1,100,,8194,2,0,9 10,1,100,,8192,2,0,9 10,1
50300,'4',1001,,8212,2,0,9 10,1,100,,8210,2,0,9 10,1,100,,8209,2,0,9 10,1,100,,8206,2,0,9 10,1,100,,8207,2,0,9 10,1,100,,8205,2,0,9 10,1,100,,8211,2,0,9 10,1,100,,8208,2,0,9 10,1
50400,'1',601,,8279,2,0,12 13,1,30,,8272,2,0,12 13,1,70,,8277,2,0,12 13,1,30,,8287,2,0,12 13,1,70,,7310,2,0,12 13,1,30,,8291,2,0,12 13,1,70,,8286,2,0,12 13,1,30,,8290,2,0,12 13,1,70,,8270,2,0,12 13,1,30,,8273,2,0,12 13,1,70,,8281,2,0,12 13,1,30,,8283,2,0,12 13,1,70,,8288,2,0,12 13,1,30,,8284,2,0,12 13,1,70,,8264,2,0,12 13,1,30,,8289,2,0,12 13,1,70,,8266,2,0,12 13,1,30,,8282,2,0,12 13,1,70,,8276,2,0,12 13,1,30,,8274,2,0,12 13,1,70,,8267,2,0,12 13,1,30,,8278,2,0,12 13,1,70,,8285,2,0,12 13,1,30,,8271,2,0,12 13,1,70,,8265,2,0,12 13,1,100,,8269,2,0,12 13,1,100,,8280,2,0,12 13,1,100,,8268,2,0,12 13,1,100,,8275,2,0,12 13,1
50400,'3',601,,8307,2,0,12 13,1,100,,8303,2,0,12 13,1,100,,8292,2,0,12 13,1,100,,8295,2,0,12 13,1,100,,8302,2,0,12 13,1,100,,8299,2,0,12 13,1,100,,8301,2,0,12 13,1,100,,8293,2,0,12 13,1,100,,8300,2,0,12 13,1,100,,8305,2,0,12 13,1,100,,8298,2,0,12 13,1,100,,8304,2,0,12 13,1,100,,8296,2,0,12 13,1,100,,8306,2,0,12 13,1,100,,8294,2,0,12 13,1,100,,8297,2,0,12 13,1
50400,'4',1001,,8313,2,0,12 13,1,100,,8310,2,0,12 13,1,100,,8311,2,0,12 13,1,100,,8309,2,0,12 13,1,100,,8308,2,0,12 13,1,100,,8314,2,0,12 13,1,100,,8312,2,0,12 13,1,100,,7192,2,0,12 13,1
50900,'1',616,,8715,3,,,1,30,,8730,3,,,1,70,,8732,3,,,1,30,,8713,3,,,1,70,,8717,3,,,1,30,,8738,3,,,1,70,,8714,3,,,1,30,,8716,3,,,1,70,,8721,3,,,1,30,,8722,3,,,1,70,,8725,3,,,1,30,,8733,3,,,1,70,,6917,3,,,1,30,,8718,3,,,1,70,,7272,3,,,1,30,,8736,3,,,1,70,,8726,3,,,1,30,,8719,3,,,1,70,,8737,3,,,1,30,,8727,3,,,1,70,,8720,3,,,1,30,,8731,3,,,1,70,,8723,3,,,1,30,,8729,3,,,1,55,,8728,3,,,1,100,,8734,3,,,1,100,,8724,3,,,1,100,,6860,3,,,1,100,,8735,3,,,1
50900,'3',601,,8756,3,,,1,100,,7232,3,,,1,100,,8749,3,,,1,100,,8757,3,,,1,30,,8740,3,,,1,70,,8752,3,,,1,30,,8747,3,,,1,70,,8745,3,,,1,30,,8760,3,,,1,70,,8743,3,,,1,30,,8739,3,,,1,70,,8750,3,,,1,30,,8748,3,,,1,70,,8759,3,,,1,30,,7524,3,,,1,70,,8742,3,,,1,30,,8754,3,,,1,70,,8758,3,,,1,30,,8746,3,,,1,70,,8744,3,,,1,30,,8755,3,,,1,70,,8741,3,,,1,100,,8751,3,,,1,100,,7411,3,,,1,100,,8753,3,,,1
50900,'4',1001,,8765,3,,,1,100,,8767,3,,,1,100,,8764,3,,,1,100,,8763,3,,,1,100,,8761,3,,,1,100,,8768,3,,,1,100,,8762,3,,,1,100,,8766,3,,,1
