75100,'11',716,,8830,16,,,1,100,,8835,16,,,1,100,,8832,16,,,1,100,,8833,16,,,1,100,,8846,16,,,1,100,,8840,16,,,1,100,,8836,16,,,1,100,,8843,16,,,1,100,,8838,16,,,1,100,,8845,16,,,1,100,,8831,16,,,1,100,,8839,16,,,1,100,,8844,16,,,1,100,,8834,16,,,1,100,,8837,16,,,1,100,,8841,16,,,1,100,,8842,16,,,1
75100,'2',716,,8855,16,,,1,100,,8862,16,,,1,100,,8850,16,,,1,100,,8853,16,,,1,100,,8852,16,,,1,100,,8860,16,,,1,100,,8847,16,,,1,100,,8861,16,,,1,100,,8848,16,,,1,100,,8856,16,,,1,100,,8851,16,,,1,100,,8857,16,,,1,100,,8858,16,,,1,100,,8854,16,,,1,100,,7515,16,,,1,100,,8849,16,,,1,100,,8859,16,,,1
75100,'6',1016,,8868,16,,,1,100,,8863,16,,,1,100,,8870,16,,,1,100,,8866,16,,,1,100,,8865,16,,,1,100,,8869,16,,,1,100,,8864,16,,,1,100,,8867,16,,,1
75100,'8',716,,8879,16,,,1,100,,8886,16,,,1,100,,8874,16,,,1,100,,8877,16,,,1,100,,8876,16,,,1,100,,8884,16,,,1,100,,8871,16,,,1,100,,8885,16,,,1,100,,8872,16,,,1,100,,8880,16,,,1,100,,8875,16,,,1,100,,8881,16,,,1,100,,8882,16,,,1,100,,8878,16,,,1,100,,8887,16,,,1,100,,8873,16,,,1,100,,8883,16,,,1
75100,'9',1016,,8888,16,,,1,100,,8893,16,,,1,100,,8891,16,,,1,100,,8892,16,,,1,100,,8889,16,,,1,100,,8890,16,,,1,100,,8894,16,,,1,100,,8895,16,,,1
75101,'11',738,,8908,12,0,17 18,1,100,,8900,12,0,17 18,1,100,,8905,12,0,17 18,1,100,,8912,12,0,17 18,1,100,,8897,12,0,17 18,1,100,,8909,12,0,17 18,1,100,,8907,12,0,17 18,1,100,,8903,12,0,17 18,1,100,,8901,12,0,17 18,1,100,,8910,12,0,17 18,1,100,,8899,12,0,17 18,1,100,,8898,12,0,17 18,1,100,,8911,12,0,17 18,1,100,,8902,12,0,17 18,1,100,,8906,12,0,17 18,1,100,,8896,12,0,17 18,1,100,,8904,12,0,17 18,1
75101,'2',738,,8925,12,0,17 18,1,100,,8928,12,0,17 18,1,100,,8926,12,0,17 18,1,100,,7671,12,0,17 18,1,100,,8915,12,0,17 18,1,100,,8922,12,0,17 18,1,100,,8919,12,0,17 18,1,100,,8923,12,0,17 18,1,100,,8916,12,0,17 18,1,100,,8927,12,0,17 18,1,100,,8917,12,0,17 18,1,100,,8924,12,0,17 18,1,100,,8921,12,0,17 18,1,100,,8920,12,0,17 18,1,100,,8913,12,0,17 18,1,100,,8918,12,0,17 18,1,100,,8914,12,0,17 18,1
75101,'6',1038,,8930,12,0,17 18,1,100,,8931,12,0,17 18,1,100,,8933,12,0,17 18,1,100,,8936,12,0,17 18,1,100,,8929,12,0,17 18,1,100,,8932,12,0,17 18,1,100,,8934,12,0,17 18,1,100,,8935,12,0,17 18,1
75101,'8',738,,8950,12,0,17 18,1,100,,8953,12,0,17 18,1,100,,8951,12,0,17 18,1,100,,8941,12,0,17 18,1,100,,8939,12,0,17 18,1,100,,8947,12,0,17 18,1,100,,8944,12,0,17 18,1,100,,8948,12,0,17 18,1,100,,8940,12,0,17 18,1,100,,8952,12,0,17 18,1,100,,8942,12,0,17 18,1,100,,8949,12,0,17 18,1,100,,8946,12,0,17 18,1,100,,8945,12,0,17 18,1,100,,8937,12,0,17 18,1,100,,8943,12,0,17 18,1,100,,8938,12,0,17 18,1
75101,'9',1038,,8961,12,0,17 18,1,100,,8958,12,0,17 18,1,100,,8960,12,0,17 18,1,100,,8954,12,0,17 18,1,100,,8959,12,0,17 18,1,100,,8957,12,0,17 18,1,100,,8955,12,0,17 18,1,100,,8956,12,0,17 18,1
