50101,'1',639,,8021,9,0,19,1,70,,8013,9,0,19,1,30,,6836,9,0,19,1,70,,8009,9,0,19,1,30,,8022,9,0,19,1,70,,8011,9,0,19,1,30,,8031,9,0,19,1,70,,8028,9,0,19,1,30,,8019,9,0,19,1,70,,8017,9,0,19,1,30,,8023,9,0,19,1,70,,8027,9,0,19,1,30,,8014,9,0,19,1,70,,8034,9,0,19,1,30,,8025,9,0,19,1,70,,8010,9,0,19,1,30,,8015,9,0,19,1,70,,8020,9,0,19,1,30,,8033,9,0,19,1,70,,8030,9,0,19,1,30,,8035,9,0,19,1,70,,8016,9,0,19,1,30,,8032,9,0,19,1,70,,8024,9,0,19,1,45,,8018,9,0,19,1,100,,8029,9,0,19,1,100,,7666,9,0,19,1,100,,8026,9,0,19,1,100,,8012,9,0,19,1
50101,'3',654,,8048,9,0,19,1,100,,8045,9,0,19,1,100,,8044,9,0,19,1,100,,8041,9,0,19,1,100,,8046,9,0,19,1,100,,8043,9,0,19,1,100,,8039,9,0,19,1,100,,8042,9,0,19,1,100,,8049,9,0,19,1,100,,8051,9,0,19,1,100,,8040,9,0,19,1,100,,8038,9,0,19,1,100,,8037,9,0,19,1,100,,8047,9,0,19,1,100,,8050,9,0,19,1,100,,8036,9,0,19,1
50101,'4',1054,,8058,9,0,19,1,100,,8053,9,0,19,1,100,,8059,9,0,19,1,100,,8057,9,0,19,1,100,,8055,9,0,19,1,100,,8054,9,0,19,1,100,,8052,9,0,19,1,100,,8056,9,0,19,1
50201,'1',639,,8117,13,0,11 6,1,70,,8130,13,0,11 6,1,30,,8132,13,0,11 6,1,70,,8128,13,0,11 6,1,30,,8118,13,0,11 6,1,70,,6961,13,0,11 6,1,30,,8134,13,0,11 6,1,70,,8131,13,0,11 6,1,30,,8121,13,0,11 6,1,70,,8120,13,0,11 6,1,30,,8125,13,0,11 6,1,70,,8110,13,0,11 6,1,30,,8123,13,0,11 6,1,70,,8136,13,0,11 6,1,30,,8113,13,0,11 6,1,70,,8129,13,0,11 6,1,30,,7053,13,0,11 6,1,70,,8127,13,0,11 6,1,30,,8122,13,0,11 6,1,70,,8126,13,0,11 6,1,30,,8119,13,0,11 6,1,70,,8111,13,0,11 6,1,30,,8115,13,0,11 6,1,70,,8112,13,0,11 6,1,44,,8135,13,0,11 6,1,100,,8116,13,0,11 6,1,100,,8114,13,0,11 6,1,100,,8133,13,0,11 6,1,100,,8124,13,0,11 6,1
50201,'3',654,,8139,13,0,11 6,1,100,,8143,13,0,11 6,1,100,,8142,13,0,11 6,1,100,,8145,13,0,11 6,1,100,,8138,13,0,11 6,1,100,,8140,13,0,11 6,1,100,,8146,13,0,11 6,1,100,,8144,13,0,11 6,1,100,,8137,13,0,11 6,1,100,,8147,13,0,11 6,1,100,,8152,13,0,11 6,1,100,,8151,13,0,11 6,1,100,,8141,13,0,11 6,1,100,,8149,13,0,11 6,1,100,,8150,13,0,11 6,1,100,,8148,13,0,11 6,1
50201,'4',1054,,8154,13,0,11 6,1,100,,8156,13,0,11 6,1,100,,8158,13,0,11 6,1,100,,6938,13,0,11 6,1,100,,8159,13,0,11 6,1,100,,8157,13,0,11 6,1,100,,8155,13,0,11 6,1,100,,8153,13,0,11 6,1
50301,'1',624,,8229,13,0,9 10,1,30,,8217,13,0,9 10,1,70,,8223,13,0,9 10,1,30,,8231,13,0,9 10,1,70,,8218,13,0,9 10,1,30,,8226,13,0,9 10,1,70,,8233,13,0,9 10,1,30,,8216,13,0,9 10,1,70,,8224,13,0,9 10,1,30,,8234,13,0,9 10,1,70,,8237,13,0,9 10,1,30,,8215,13,0,9 10,1,70,,8236,13,0,9 10,1,30,,8239,13,0,9 10,1,70,,8214,13,0,9 10,1,30,,8213,13,0,9 10,1,70,,8238,13,0,9 10,1,30,,8219,13,0,9 10,1,70,,8220,13,0,9 10,1,30,,8235,13,0,9 10,1,70,,8222,13,0,9 10,1,30,,8230,13,0,9 10,1,70,,8227,13,0,9 10,1,30,,7214,13,0,9 10,1,70,,8225,13,0,9 10,1,100,,8228,13,0,9 10,1,100,,8221,13,0,9 10,1,100,,8240,13,0,9 10,1,100,,8232,13,0,9 10,1
50301,'3',624,,8253,13,0,9 10,1,100,,8248,13,0,9 10,1,100,,8250,13,0,9 10,1,100,,8254,13,0,9 10,1,100,,8255,13,0,9 10,1,100,,8243,13,0,9 10,1,100,,8249,13,0,9 10,1,100,,8245,13,0,9 10,1,100,,8252,13,0,9 10,1,100,,8241,13,0,9 10,1,100,,8242,13,0,9 10,1,100,,7645,13,0,9 10,1,100,,8247,13,0,9 10,1,100,,8251,13,0,9 10,1,100,,8246,13,0,9 10,1,100,,8244,13,0,9 10,1
50301,'4',1024,,8256,13,0,9 10,1,100,,8259,13,0,9 10,1,100,,8263,13,0,9 10,1,100,,8258,13,0,9 10,1,100,,8260,13,0,9 10,1,100,,8257,13,0,9 10,1,100,,8262,13,0,9 10,1,100,,8261,13,0,9 10,1
50401,'1',625,,8315,20,0,12 13,1,30,,8336,20,0,12 13,1,70,,8324,20,0,12 13,1,30,,8318,20,0,12 13,1,70,,8326,20,0,12 13,1,30,,8337,20,0,12 13,1,70,,8327,20,0,12 13,1,30,,8334,20,0,12 13,1,70,,5319,20,0,12 13,1,30,,8339,20,0,12 13,1,70,,8332,20,0,12 13,1,30,,8316,20,0,12 13,1,70,,8338,20,0,12 13,1,30,,8330,20,0,12 13,1,70,,8319,20,0,12 13,1,30,,8333,20,0,12 13,1,70,,8335,20,0,12 13,1,30,,8317,20,0,12 13,1,70,,8322,20,0,12 13,1,30,,8320,20,0,12 13,1,70,,8340,20,0,12 13,1,30,,8321,20,0,12 13,1,70,,8331,20,0,12 13,1,30,,8341,20,0,12 13,1,70,,8329,20,0,12 13,1,100,,8328,20,0,12 13,1,100,,8323,20,0,12 13,1,100,,8325,20,0,12 13,1,100,,7566,20,0,12 13,1
50401,'3',625,,8353,20,0,12 13,1,100,,8348,20,0,12 13,1,100,,8343,20,0,12 13,1,100,,8342,20,0,12 13,1,100,,8355,20,0,12 13,1,100,,7696,20,0,12 13,1,100,,8347,20,0,12 13,1,100,,8354,20,0,12 13,1,100,,8346,20,0,12 13,1,100,,8356,20,0,12 13,1,100,,8345,20,0,12 13,1,100,,8351,20,0,12 13,1,100,,8350,20,0,12 13,1,100,,8349,20,0,12 13,1,100,,8352,20,0,12 13,1,100,,8344,20,0,12 13,1
50401,'4',1025,,8359,20,0,12 13,1,100,,8363,20,0,12 13,1,100,,8360,20,0,12 13,1,100,,8357,20,0,12 13,1,100,,8361,20,0,12 13,1,100,,8362,20,0,12 13,1,100,,8358,20,0,12 13,1,100,,8364,20,0,12 13,1
50901,'1',640,,8774,20,0,7 8,1,70,,8795,20,0,7 8,1,31,,8790,20,0,7 8,1,70,,8777,20,0,7 8,1,30,,8776,20,0,7 8,1,70,,8770,20,0,7 8,1,30,,8778,20,0,7 8,1,70,,8794,20,0,7 8,1,29,,8781,20,0,7 8,1,70,,8772,20,0,7 8,1,30,,8773,20,0,7 8,1,70,,8783,20,0,7 8,1,30,,8787,20,0,7 8,1,70,,8779,20,0,7 8,1,30,,8782,20,0,7 8,1,70,,8784,20,0,7 8,1,31,,8791,20,0,7 8,1,70,,8796,20,0,7 8,1,30,,8786,20,0,7 8,1,70,,7019,20,0,7 8,1,30,,8788,20,0,7 8,1,70,,8769,20,0,7 8,1,30,,8793,20,0,7 8,1,70,,8775,20,0,7 8,1,15,,8771,20,0,7 8,1,99,,8780,20,0,7 8,1,100,,8792,20,0,7 8,1,100,,8785,20,0,7 8,1,100,,8789,20,0,7 8,1
50901,'3',625,,8798,20,0,7 8,1,101,,8804,20,0,7 8,1,100,,8803,20,0,7 8,1,100,,8805,20,0,7 8,1,30,,8816,20,0,7 8,1,69,,8807,20,0,7 8,1,30,,8806,20,0,7 8,1,70,,8818,20,0,7 8,1,30,,8817,20,0,7 8,1,70,,8809,20,0,7 8,1,30,,8808,20,0,7 8,1,70,,8820,20,0,7 8,1,30,,8811,20,0,7 8,1,71,,8800,20,0,7 8,1,30,,8801,20,0,7 8,1,70,,8799,20,0,7 8,1,30,,8815,20,0,7 8,1,70,,8814,20,0,7 8,1,30,,8821,20,0,7 8,1,70,,8802,20,0,7 8,1,30,,8819,20,0,7 8,1,70,,8797,20,0,7 8,1,99,,8813,20,0,7 8,1,100,,8812,20,0,7 8,1,100,,8810,20,0,7 8,1
50901,'4',1025,,8827,20,0,7 8,1,100,,8829,20,0,7 8,1,100,,8825,20,0,7 8,1,100,,8823,20,0,7 8,1,101,,8824,20,0,7 8,1,100,,8828,20,0,7 8,1,100,,8826,20,0,7 8,1,100,,8822,20,0,7 8,1
