50201,'1',638,,8117,11,0,11 6,1,70,,8130,11,0,11 6,1,30,,8132,11,0,11 6,1,70,,8128,11,0,11 6,1,30,,8118,11,0,11 6,1,70,,6961,11,0,11 6,1,30,,8134,11,0,11 6,1,70,,8131,11,0,11 6,1,30,,8121,11,0,11 6,1,70,,8120,11,0,11 6,1,30,,8125,11,0,11 6,1,70,,8110,11,0,11 6,1,30,,8123,11,0,11 6,1,70,,8136,11,0,11 6,1,30,,8113,11,0,11 6,1,70,,8129,11,0,11 6,1,30,,7053,11,0,11 6,1,70,,8127,11,0,11 6,1,30,,8122,11,0,11 6,1,70,,8126,11,0,11 6,1,30,,8119,11,0,11 6,1,70,,8111,11,0,11 6,1,30,,8115,11,0,11 6,1,70,,8112,11,0,11 6,1,44,,8135,11,0,11 6,1,100,,8116,11,0,11 6,1,100,,8114,11,0,11 6,1,100,,8133,11,0,11 6,1,100,,8124,11,0,11 6,1
50201,'3',653,,8139,11,0,11 6,1,100,,8143,11,0,11 6,1,100,,8142,11,0,11 6,1,100,,8145,11,0,11 6,1,100,,8138,11,0,11 6,1,100,,8140,11,0,11 6,1,100,,8146,11,0,11 6,1,100,,8144,11,0,11 6,1,100,,8137,11,0,11 6,1,100,,8147,11,0,11 6,1,100,,8152,11,0,11 6,1,100,,8151,11,0,11 6,1,100,,8141,11,0,11 6,1,100,,8149,11,0,11 6,1,100,,8150,11,0,11 6,1,100,,8148,11,0,11 6,1
50201,'4',1053,,8154,11,0,11 6,1,100,,8156,11,0,11 6,1,100,,8158,11,0,11 6,1,100,,6938,11,0,11 6,1,100,,8159,11,0,11 6,1,100,,8157,11,0,11 6,1,100,,8155,11,0,11 6,1,100,,8153,11,0,11 6,1
50301,'1',622,,8229,11,0,9 10,1,30,,8217,11,0,9 10,1,70,,8223,11,0,9 10,1,30,,8231,11,0,9 10,1,70,,8218,11,0,9 10,1,30,,8226,11,0,9 10,1,70,,8233,11,0,9 10,1,30,,8216,11,0,9 10,1,70,,8224,11,0,9 10,1,30,,8234,11,0,9 10,1,70,,8237,11,0,9 10,1,30,,8215,11,0,9 10,1,70,,8236,11,0,9 10,1,30,,8239,11,0,9 10,1,70,,8214,11,0,9 10,1,30,,8213,11,0,9 10,1,70,,8238,11,0,9 10,1,30,,8219,11,0,9 10,1,70,,8220,11,0,9 10,1,30,,8235,11,0,9 10,1,70,,8222,11,0,9 10,1,30,,8230,11,0,9 10,1,70,,8227,11,0,9 10,1,30,,7214,11,0,9 10,1,70,,8225,11,0,9 10,1,100,,8228,11,0,9 10,1,100,,8221,11,0,9 10,1,100,,8240,11,0,9 10,1,100,,8232,11,0,9 10,1
50301,'3',622,,8253,11,0,9 10,1,100,,8248,11,0,9 10,1,100,,8250,11,0,9 10,1,100,,8254,11,0,9 10,1,100,,8255,11,0,9 10,1,100,,8243,11,0,9 10,1,100,,8249,11,0,9 10,1,100,,8245,11,0,9 10,1,100,,8252,11,0,9 10,1,100,,8241,11,0,9 10,1,100,,8242,11,0,9 10,1,100,,7645,11,0,9 10,1,100,,8247,11,0,9 10,1,100,,8251,11,0,9 10,1,100,,8246,11,0,9 10,1,100,,8244,11,0,9 10,1
50301,'4',1022,,8256,11,0,9 10,1,100,,8259,11,0,9 10,1,100,,8263,11,0,9 10,1,100,,8258,11,0,9 10,1,100,,8260,11,0,9 10,1,100,,8257,11,0,9 10,1,100,,8262,11,0,9 10,1,100,,8261,11,0,9 10,1
50401,'1',624,,8315,18,0,12 13,1,30,,8336,18,0,12 13,1,70,,8324,18,0,12 13,1,30,,8318,18,0,12 13,1,70,,8326,18,0,12 13,1,30,,8337,18,0,12 13,1,70,,8327,18,0,12 13,1,30,,8334,18,0,12 13,1,70,,5319,18,0,12 13,1,30,,8339,18,0,12 13,1,70,,8332,18,0,12 13,1,30,,8316,18,0,12 13,1,70,,8338,18,0,12 13,1,30,,8330,18,0,12 13,1,70,,8319,18,0,12 13,1,30,,8333,18,0,12 13,1,70,,8335,18,0,12 13,1,30,,8317,18,0,12 13,1,70,,8322,18,0,12 13,1,30,,8320,18,0,12 13,1,70,,8340,18,0,12 13,1,30,,8321,18,0,12 13,1,70,,8331,18,0,12 13,1,30,,8341,18,0,12 13,1,70,,8329,18,0,12 13,1,100,,8328,18,0,12 13,1,100,,8323,18,0,12 13,1,100,,8325,18,0,12 13,1,100,,7566,18,0,12 13,1
50401,'3',624,,8353,18,0,12 13,1,100,,8348,18,0,12 13,1,100,,8343,18,0,12 13,1,100,,8342,18,0,12 13,1,100,,8355,18,0,12 13,1,100,,7696,18,0,12 13,1,100,,8347,18,0,12 13,1,100,,8354,18,0,12 13,1,100,,8346,18,0,12 13,1,100,,8356,18,0,12 13,1,100,,8345,18,0,12 13,1,100,,8351,18,0,12 13,1,100,,8350,18,0,12 13,1,100,,8349,18,0,12 13,1,100,,8352,18,0,12 13,1,100,,8344,18,0,12 13,1
50401,'4',1024,,8359,18,0,12 13,1,100,,8363,18,0,12 13,1,100,,8360,18,0,12 13,1,100,,8357,18,0,12 13,1,100,,8361,18,0,12 13,1,100,,8362,18,0,12 13,1,100,,8358,18,0,12 13,1,100,,8364,18,0,12 13,1
50901,'1',638,,8774,18,0,7 8,1,70,,8795,18,0,7 8,1,31,,8790,18,0,7 8,1,70,,8777,18,0,7 8,1,30,,8776,18,0,7 8,1,70,,8770,18,0,7 8,1,30,,8778,18,0,7 8,1,70,,8794,18,0,7 8,1,29,,8781,18,0,7 8,1,70,,8772,18,0,7 8,1,30,,8773,18,0,7 8,1,70,,8783,18,0,7 8,1,30,,8787,18,0,7 8,1,70,,8779,18,0,7 8,1,30,,8782,18,0,7 8,1,70,,8784,18,0,7 8,1,31,,8791,18,0,7 8,1,70,,8796,18,0,7 8,1,30,,8786,18,0,7 8,1,70,,7019,18,0,7 8,1,30,,8788,18,0,7 8,1,70,,8769,18,0,7 8,1,30,,8793,18,0,7 8,1,70,,8775,18,0,7 8,1,15,,8771,18,0,7 8,1,99,,8780,18,0,7 8,1,100,,8792,18,0,7 8,1,100,,8785,18,0,7 8,1,100,,8789,18,0,7 8,1
50901,'3',623,,8798,18,0,7 8,1,101,,8804,18,0,7 8,1,100,,8803,18,0,7 8,1,100,,8805,18,0,7 8,1,30,,8816,18,0,7 8,1,69,,8807,18,0,7 8,1,30,,8806,18,0,7 8,1,70,,8818,18,0,7 8,1,30,,8817,18,0,7 8,1,70,,8809,18,0,7 8,1,30,,8808,18,0,7 8,1,70,,8820,18,0,7 8,1,30,,8811,18,0,7 8,1,71,,8800,18,0,7 8,1,30,,8801,18,0,7 8,1,70,,8799,18,0,7 8,1,30,,8815,18,0,7 8,1,70,,8814,18,0,7 8,1,30,,8821,18,0,7 8,1,70,,8802,18,0,7 8,1,30,,8819,18,0,7 8,1,70,,8797,18,0,7 8,1,99,,8813,18,0,7 8,1,100,,8812,18,0,7 8,1,100,,8810,18,0,7 8,1
50901,'4',1023,,8827,18,0,7 8,1,100,,8829,18,0,7 8,1,100,,8825,18,0,7 8,1,100,,8823,18,0,7 8,1,101,,8824,18,0,7 8,1,100,,8828,18,0,7 8,1,100,,8826,18,0,7 8,1,100,,8822,18,0,7 8,1
