50800,'1',610,,8607,10,4,,1,30,,8619,10,4,,1,70,,8609,10,4,,1,30,,8601,10,4,,1,70,,8600,10,4,,1,30,,8603,10,4,,1,70,,8597,10,4,,1,30,,8617,10,4,,1,70,,8614,10,4,,1,30,,8598,10,4,,1,70,,8615,10,4,,1,30,,8604,10,4,,1,70,,8608,10,4,,1,30,,7513,10,4,,1,70,,7681,10,4,,1,30,,7099,10,4,,1,70,,8616,10,4,,1,30,,8611,10,4,,1,70,,8606,10,4,,1,30,,8610,10,4,,1,70,,8602,10,4,,1,30,,8605,10,4,,1,70,,8621,10,4,,1,30,,8620,10,4,,1,100,,7067,10,4,,1,100,,8599,10,4,,1,100,,8618,10,4,,1,100,,8612,10,4,,1,100,,8613,10,4,,1
50800,'3',640,,8639,10,4,,1,100,,8634,10,4,,1,100,,8633,10,4,,1,100,,8625,10,4,,1,70,,8635,10,4,,1,30,,8630,10,4,,1,70,,8640,10,4,,1,30,,8642,10,4,,1,70,,8629,10,4,,1,30,,8638,10,4,,1,70,,8637,10,4,,1,30,,8627,10,4,,1,70,,8643,10,4,,1,30,,8631,10,4,,1,70,,8641,10,4,,1,30,,8623,10,4,,1,70,,8624,10,4,,1,30,,6975,10,4,,1,70,,8644,10,4,,1,30,,8636,10,4,,1,100,,8626,10,4,,1,100,,8632,10,4,,1,100,,8622,10,4,,1,100,,8628,10,4,,1
50800,'4',1040,,8652,10,4,,1,100,,8649,10,4,,1,100,,8646,10,4,,1,100,,8650,10,4,,1,100,,8647,10,4,,1,100,,8648,10,4,,1,100,,8645,10,4,,1,100,,8651,10,4,,1
50801,'1',611,,8677,1,0,5 6,1,30,,8680,1,0,5 6,1,70,,8669,1,0,5 6,1,30,,8662,1,0,5 6,1,70,,8679,1,0,5 6,1,30,,8660,1,0,5 6,1,70,,7546,1,0,5 6,1,30,,8674,1,0,5 6,1,70,,8654,1,0,5 6,1,30,,8661,1,0,5 6,1,70,,8664,1,0,5 6,1,30,,8672,1,0,5 6,1,70,,8659,1,0,5 6,1,30,,8668,1,0,5 6,1,70,,8665,1,0,5 6,1,30,,8667,1,0,5 6,1,70,,8656,1,0,5 6,1,30,,8658,1,0,5 6,1,70,,8663,1,0,5 6,1,30,,8676,1,0,5 6,1,70,,8657,1,0,5 6,1,30,,8655,1,0,5 6,1,70,,8673,1,0,5 6,1,30,,8671,1,0,5 6,1,100,,8675,1,0,5 6,1,100,,8670,1,0,5 6,1,100,,8666,1,0,5 6,1,100,,8678,1,0,5 6,1,100,,8653,1,0,5 6,1
50801,'3',641,,8702,1,0,5 6,1,100,,8685,1,0,5 6,1,100,,8704,1,0,5 6,1,100,,8691,1,0,5 6,1,70,,8703,1,0,5 6,1,30,,8696,1,0,5 6,1,70,,8695,1,0,5 6,1,30,,8697,1,0,5 6,1,70,,8686,1,0,5 6,1,30,,8683,1,0,5 6,1,70,,8701,1,0,5 6,1,30,,8699,1,0,5 6,1,70,,8698,1,0,5 6,1,30,,8688,1,0,5 6,1,70,,8684,1,0,5 6,1,30,,8681,1,0,5 6,1,70,,8700,1,0,5 6,1,30,,8689,1,0,5 6,1,70,,8690,1,0,5 6,1,30,,8694,1,0,5 6,1,100,,8682,1,0,5 6,1,100,,8687,1,0,5 6,1,100,,8693,1,0,5 6,1,100,,8692,1,0,5 6,1
50801,'4',1041,,8711,1,0,5 6,1,100,,8707,1,0,5 6,1,100,,8712,1,0,5 6,1,100,,8710,1,0,5 6,1,100,,8709,1,0,5 6,1,100,,8705,1,0,5 6,1,100,,8708,1,0,5 6,1,100,,8706,1,0,5 6,1
50900,'1',622,,8715,9,4,,1,30,,8730,9,4,,1,70,,8732,9,4,,1,30,,8713,9,4,,1,70,,8717,9,4,,1,30,,8738,9,4,,1,70,,8714,9,4,,1,30,,8716,9,4,,1,70,,8721,9,4,,1,30,,8722,9,4,,1,70,,8725,9,4,,1,30,,8733,9,4,,1,70,,6917,9,4,,1,30,,8718,9,4,,1,70,,7272,9,4,,1,30,,8736,9,4,,1,70,,8726,9,4,,1,30,,8719,9,4,,1,70,,8737,9,4,,1,30,,8727,9,4,,1,70,,8720,9,4,,1,30,,8731,9,4,,1,70,,8723,9,4,,1,30,,8729,9,4,,1,55,,8728,9,4,,1,100,,8734,9,4,,1,100,,8724,9,4,,1,100,,6860,9,4,,1,100,,8735,9,4,,1
50900,'3',607,,8756,9,4,,1,100,,7232,9,4,,1,100,,8749,9,4,,1,100,,8757,9,4,,1,30,,8740,9,4,,1,70,,8752,9,4,,1,30,,8747,9,4,,1,70,,8745,9,4,,1,30,,8760,9,4,,1,70,,8743,9,4,,1,30,,8739,9,4,,1,70,,8750,9,4,,1,30,,8748,9,4,,1,70,,8759,9,4,,1,30,,7524,9,4,,1,70,,8742,9,4,,1,30,,8754,9,4,,1,70,,8758,9,4,,1,30,,8746,9,4,,1,70,,8744,9,4,,1,30,,8755,9,4,,1,70,,8741,9,4,,1,100,,8751,9,4,,1,100,,7411,9,4,,1,100,,8753,9,4,,1
50900,'4',1007,,8765,9,4,,1,100,,8767,9,4,,1,100,,8764,9,4,,1,100,,8763,9,4,,1,100,,8761,9,4,,1,100,,8768,9,4,,1,100,,8762,9,4,,1,100,,8766,9,4,,1
50901,'1',625,,8774,1,0,7 8,1,30,,8795,1,0,7 8,1,70,,8790,1,0,7 8,1,30,,8777,1,0,7 8,1,70,,8776,1,0,7 8,1,30,,8770,1,0,7 8,1,70,,8778,1,0,7 8,1,30,,8794,1,0,7 8,1,70,,8781,1,0,7 8,1,30,,8772,1,0,7 8,1,70,,8773,1,0,7 8,1,30,,8783,1,0,7 8,1,70,,8787,1,0,7 8,1,30,,8779,1,0,7 8,1,70,,8782,1,0,7 8,1,30,,8784,1,0,7 8,1,70,,8791,1,0,7 8,1,30,,8796,1,0,7 8,1,70,,8786,1,0,7 8,1,30,,7019,1,0,7 8,1,70,,8788,1,0,7 8,1,30,,8769,1,0,7 8,1,70,,8793,1,0,7 8,1,30,,8775,1,0,7 8,1,55,,8771,1,0,7 8,1,100,,8780,1,0,7 8,1,100,,8792,1,0,7 8,1,100,,8785,1,0,7 8,1,100,,8789,1,0,7 8,1
50901,'3',610,,8798,1,0,7 8,1,100,,8804,1,0,7 8,1,100,,8803,1,0,7 8,1,100,,8805,1,0,7 8,1,30,,8816,1,0,7 8,1,70,,8807,1,0,7 8,1,30,,8806,1,0,7 8,1,70,,8818,1,0,7 8,1,30,,8817,1,0,7 8,1,70,,8809,1,0,7 8,1,30,,8808,1,0,7 8,1,70,,8820,1,0,7 8,1,30,,8811,1,0,7 8,1,70,,8800,1,0,7 8,1,30,,8801,1,0,7 8,1,70,,8799,1,0,7 8,1,30,,8815,1,0,7 8,1,70,,8814,1,0,7 8,1,30,,8821,1,0,7 8,1,70,,8802,1,0,7 8,1,30,,8819,1,0,7 8,1,70,,8797,1,0,7 8,1,100,,8813,1,0,7 8,1,100,,8812,1,0,7 8,1,100,,8810,1,0,7 8,1
50901,'4',1010,,8827,1,0,7 8,1,100,,8829,1,0,7 8,1,100,,8825,1,0,7 8,1,100,,8823,1,0,7 8,1,100,,8824,1,0,7 8,1,100,,8828,1,0,7 8,1,100,,8826,1,0,7 8,1,100,,8822,1,0,7 8,1
