75100,'11',725,,8830,23,4,,1,100,,8835,23,4,,1,100,,8832,23,4,,1,100,,8833,23,4,,1,100,,8846,23,4,,1,100,,8840,23,4,,1,100,,8836,23,4,,1,100,,8843,23,4,,1,100,,8838,23,4,,1,100,,8845,23,4,,1,100,,8831,23,4,,1,100,,8839,23,4,,1,100,,8844,23,4,,1,100,,8834,23,4,,1,100,,8837,23,4,,1,100,,8841,23,4,,1,100,,8842,23,4,,1
75100,'2',725,,8855,23,4,,1,100,,8862,23,4,,1,100,,8850,23,4,,1,100,,8853,23,4,,1,100,,8852,23,4,,1,100,,8860,23,4,,1,100,,8847,23,4,,1,100,,8861,23,4,,1,100,,8848,23,4,,1,100,,8856,23,4,,1,100,,8851,23,4,,1,100,,8857,23,4,,1,100,,8858,23,4,,1,100,,8854,23,4,,1,100,,7515,23,4,,1,100,,8849,23,4,,1,100,,8859,23,4,,1
75100,'6',1025,,8868,23,4,,1,100,,8863,23,4,,1,100,,8870,23,4,,1,100,,8866,23,4,,1,100,,8865,23,4,,1,100,,8869,23,4,,1,100,,8864,23,4,,1,100,,8867,23,4,,1
75100,'8',725,,8879,23,4,,1,100,,8886,23,4,,1,100,,8874,23,4,,1,100,,8877,23,4,,1,100,,8876,23,4,,1,100,,8884,23,4,,1,100,,8871,23,4,,1,100,,8885,23,4,,1,100,,8872,23,4,,1,100,,8880,23,4,,1,100,,8875,23,4,,1,100,,8881,23,4,,1,100,,8882,23,4,,1,100,,8878,23,4,,1,100,,8887,23,4,,1,100,,8873,23,4,,1,100,,8883,23,4,,1
75100,'9',1025,,8888,23,4,,1,100,,8893,23,4,,1,100,,8891,23,4,,1,100,,8892,23,4,,1,100,,8889,23,4,,1,100,,8890,23,4,,1,100,,8894,23,4,,1,100,,8895,23,4,,1
75101,'11',726,,8908,1,0,17 18,1,100,,8900,1,0,17 18,1,100,,8905,1,0,17 18,1,100,,8912,1,0,17 18,1,100,,8897,1,0,17 18,1,100,,8909,1,0,17 18,1,100,,8907,1,0,17 18,1,100,,8903,1,0,17 18,1,100,,8901,1,0,17 18,1,100,,8910,1,0,17 18,1,100,,8899,1,0,17 18,1,100,,8898,1,0,17 18,1,100,,8911,1,0,17 18,1,100,,8902,1,0,17 18,1,100,,8906,1,0,17 18,1,100,,8896,1,0,17 18,1,100,,8904,1,0,17 18,1
75101,'2',726,,8925,1,0,17 18,1,100,,8928,1,0,17 18,1,100,,8926,1,0,17 18,1,100,,7671,1,0,17 18,1,100,,8915,1,0,17 18,1,100,,8922,1,0,17 18,1,100,,8919,1,0,17 18,1,100,,8923,1,0,17 18,1,100,,8916,1,0,17 18,1,100,,8927,1,0,17 18,1,100,,8917,1,0,17 18,1,100,,8924,1,0,17 18,1,100,,8921,1,0,17 18,1,100,,8920,1,0,17 18,1,100,,8913,1,0,17 18,1,100,,8918,1,0,17 18,1,100,,8914,1,0,17 18,1
75101,'6',1026,,8930,1,0,17 18,1,100,,8931,1,0,17 18,1,100,,8933,1,0,17 18,1,100,,8936,1,0,17 18,1,100,,8929,1,0,17 18,1,100,,8932,1,0,17 18,1,100,,8934,1,0,17 18,1,100,,8935,1,0,17 18,1
75101,'8',726,,8950,1,0,17 18,1,100,,8953,1,0,17 18,1,100,,8951,1,0,17 18,1,100,,8941,1,0,17 18,1,100,,8939,1,0,17 18,1,100,,8947,1,0,17 18,1,100,,8944,1,0,17 18,1,100,,8948,1,0,17 18,1,100,,8940,1,0,17 18,1,100,,8952,1,0,17 18,1,100,,8942,1,0,17 18,1,100,,8949,1,0,17 18,1,100,,8946,1,0,17 18,1,100,,8945,1,0,17 18,1,100,,8937,1,0,17 18,1,100,,8943,1,0,17 18,1,100,,8938,1,0,17 18,1
75101,'9',1026,,8961,1,0,17 18,1,100,,8958,1,0,17 18,1,100,,8960,1,0,17 18,1,100,,8954,1,0,17 18,1,100,,8959,1,0,17 18,1,100,,8957,1,0,17 18,1,100,,8955,1,0,17 18,1,100,,8956,1,0,17 18,1
