75100,'11',718,,8830,17,,,1,100,,8835,17,,,1,100,,8832,17,,,1,100,,8833,17,,,1,100,,8846,17,,,1,100,,8840,17,,,1,100,,8836,17,,,1,100,,8843,17,,,1,100,,8838,17,,,1,100,,8845,17,,,1,100,,8831,17,,,1,100,,8839,17,,,1,100,,8844,17,,,1,100,,8834,17,,,1,100,,8837,17,,,1,100,,8841,17,,,1,100,,8842,17,,,1
75100,'2',718,,8855,17,,,1,100,,8862,17,,,1,100,,8850,17,,,1,100,,8853,17,,,1,100,,8852,17,,,1,100,,8860,17,,,1,100,,8847,17,,,1,100,,8861,17,,,1,100,,8848,17,,,1,100,,8856,17,,,1,100,,8851,17,,,1,100,,8857,17,,,1,100,,8858,17,,,1,100,,8854,17,,,1,100,,7515,17,,,1,100,,8849,17,,,1,100,,8859,17,,,1
75100,'6',1018,,8868,17,,,1,100,,8863,17,,,1,100,,8870,17,,,1,100,,8866,17,,,1,100,,8865,17,,,1,100,,8869,17,,,1,100,,8864,17,,,1,100,,8867,17,,,1
75100,'8',718,,8879,17,,,1,100,,8886,17,,,1,100,,8874,17,,,1,100,,8877,17,,,1,100,,8876,17,,,1,100,,8884,17,,,1,100,,8871,17,,,1,100,,8885,17,,,1,100,,8872,17,,,1,100,,8880,17,,,1,100,,8875,17,,,1,100,,8881,17,,,1,100,,8882,17,,,1,100,,8878,17,,,1,100,,8887,17,,,1,100,,8873,17,,,1,100,,8883,17,,,1
75100,'9',1018,,8888,17,,,1,100,,8893,17,,,1,100,,8891,17,,,1,100,,8892,17,,,1,100,,8889,17,,,1,100,,8890,17,,,1,100,,8894,17,,,1,100,,8895,17,,,1
75101,'11',740,,8908,13,0,17 18,1,100,,8900,13,0,17 18,1,100,,8905,13,0,17 18,1,100,,8912,13,0,17 18,1,100,,8897,13,0,17 18,1,100,,8909,13,0,17 18,1,100,,8907,13,0,17 18,1,100,,8903,13,0,17 18,1,100,,8901,13,0,17 18,1,100,,8910,13,0,17 18,1,100,,8899,13,0,17 18,1,100,,8898,13,0,17 18,1,100,,8911,13,0,17 18,1,100,,8902,13,0,17 18,1,100,,8906,13,0,17 18,1,100,,8896,13,0,17 18,1,100,,8904,13,0,17 18,1
75101,'2',740,,8925,13,0,17 18,1,100,,8928,13,0,17 18,1,100,,8926,13,0,17 18,1,100,,7671,13,0,17 18,1,100,,8915,13,0,17 18,1,100,,8922,13,0,17 18,1,100,,8919,13,0,17 18,1,100,,8923,13,0,17 18,1,100,,8916,13,0,17 18,1,100,,8927,13,0,17 18,1,100,,8917,13,0,17 18,1,100,,8924,13,0,17 18,1,100,,8921,13,0,17 18,1,100,,8920,13,0,17 18,1,100,,8913,13,0,17 18,1,100,,8918,13,0,17 18,1,100,,8914,13,0,17 18,1
75101,'6',1040,,8930,13,0,17 18,1,100,,8931,13,0,17 18,1,100,,8933,13,0,17 18,1,100,,8936,13,0,17 18,1,100,,8929,13,0,17 18,1,100,,8932,13,0,17 18,1,100,,8934,13,0,17 18,1,100,,8935,13,0,17 18,1
75101,'8',740,,8950,13,0,17 18,1,100,,8953,13,0,17 18,1,100,,8951,13,0,17 18,1,100,,8941,13,0,17 18,1,100,,8939,13,0,17 18,1,100,,8947,13,0,17 18,1,100,,8944,13,0,17 18,1,100,,8948,13,0,17 18,1,100,,8940,13,0,17 18,1,100,,8952,13,0,17 18,1,100,,8942,13,0,17 18,1,100,,8949,13,0,17 18,1,100,,8946,13,0,17 18,1,100,,8945,13,0,17 18,1,100,,8937,13,0,17 18,1,100,,8943,13,0,17 18,1,100,,8938,13,0,17 18,1
75101,'9',1040,,8961,13,0,17 18,1,100,,8958,13,0,17 18,1,100,,8960,13,0,17 18,1,100,,8954,13,0,17 18,1,100,,8959,13,0,17 18,1,100,,8957,13,0,17 18,1,100,,8955,13,0,17 18,1,100,,8956,13,0,17 18,1
