50100,'1',615,,7981,1,,,1,30,,7964,1,,,1,70,,7961,1,,,1,30,,7963,1,,,1,70,,7983,1,,,1,30,,7974,1,,,1,70,,7970,1,,,1,30,,7972,1,,,1,70,,7960,1,,,1,30,,7985,1,,,1,70,,7957,1,,,1,30,,7973,1,,,1,70,,7966,1,,,1,30,,7976,1,,,1,70,,7977,1,,,1,30,,7975,1,,,1,70,,7971,1,,,1,30,,7962,1,,,1,70,,7965,1,,,1,30,,7982,1,,,1,70,,7984,1,,,1,30,,7979,1,,,1,70,,7967,1,,,1,30,,7959,1,,,1,85,,7969,1,,,1,100,,7968,1,,,1,100,,7980,1,,,1,100,,7958,1,,,1,100,,7978,1,,,1
50100,'3',630,,7988,1,,,1,100,,8000,1,,,1,100,,7992,1,,,1,100,,7993,1,,,1,100,,7987,1,,,1,100,,7989,1,,,1,100,,7998,1,,,1,100,,7997,1,,,1,100,,7999,1,,,1,100,,7994,1,,,1,100,,7995,1,,,1,100,,7990,1,,,1,100,,7986,1,,,1,100,,7991,1,,,1,100,,6929,1,,,1,100,,7996,1,,,1
50100,'4',1030,,8006,1,,,1,100,,8008,1,,,1,100,,8005,1,,,1,100,,8001,1,,,1,100,,8004,1,,,1,100,,8003,1,,,1,100,,8002,1,,,1,100,,8007,1,,,1
50101,'1',640,,8021,10,4,,1,70,,8013,10,4,,1,30,,6836,10,4,,1,70,,8009,10,4,,1,30,,8022,10,4,,1,70,,8011,10,4,,1,30,,8031,10,4,,1,70,,8028,10,4,,1,30,,8019,10,4,,1,70,,8017,10,4,,1,30,,8023,10,4,,1,70,,8027,10,4,,1,30,,8014,10,4,,1,70,,8034,10,4,,1,30,,8025,10,4,,1,70,,8010,10,4,,1,30,,8015,10,4,,1,70,,8020,10,4,,1,30,,8033,10,4,,1,70,,8030,10,4,,1,30,,8035,10,4,,1,70,,8016,10,4,,1,30,,8032,10,4,,1,70,,8024,10,4,,1,45,,8018,10,4,,1,100,,8029,10,4,,1,100,,7666,10,4,,1,100,,8026,10,4,,1,100,,8012,10,4,,1
50101,'3',655,,8048,10,4,,1,100,,8045,10,4,,1,100,,8044,10,4,,1,100,,8041,10,4,,1,100,,8046,10,4,,1,100,,8043,10,4,,1,100,,8039,10,4,,1,100,,8042,10,4,,1,100,,8049,10,4,,1,100,,8051,10,4,,1,100,,8040,10,4,,1,100,,8038,10,4,,1,100,,8037,10,4,,1,100,,8047,10,4,,1,100,,8050,10,4,,1,100,,8036,10,4,,1
50101,'4',1055,,8058,10,4,,1,100,,8053,10,4,,1,100,,8059,10,4,,1,100,,8057,10,4,,1,100,,8055,10,4,,1,100,,8054,10,4,,1,100,,8052,10,4,,1,100,,8056,10,4,,1
50200,'1',615,,8072,1,0,11 6,1,30,,8068,1,0,11 6,1,70,,8065,1,0,11 6,1,30,,8084,1,0,11 6,1,70,,8069,1,0,11 6,1,30,,7617,1,0,11 6,1,70,,6949,1,0,11 6,1,30,,8067,1,0,11 6,1,70,,8080,1,0,11 6,1,30,,8063,1,0,11 6,1,70,,8066,1,0,11 6,1,30,,8071,1,0,11 6,1,70,,8060,1,0,11 6,1,30,,8082,1,0,11 6,1,70,,8078,1,0,11 6,1,30,,8085,1,0,11 6,1,70,,8061,1,0,11 6,1,30,,8079,1,0,11 6,1,70,,8077,1,0,11 6,1,30,,8083,1,0,11 6,1,70,,8081,1,0,11 6,1,30,,8062,1,0,11 6,1,70,,7555,1,0,11 6,1,30,,8073,1,0,11 6,1,85,,8064,1,0,11 6,1,100,,8075,1,0,11 6,1,100,,8074,1,0,11 6,1,100,,8076,1,0,11 6,1,100,,8070,1,0,11 6,1
50200,'3',630,,8094,1,0,11 6,1,100,,8093,1,0,11 6,1,100,,8087,1,0,11 6,1,100,,8096,1,0,11 6,1,100,,8089,1,0,11 6,1,100,,8095,1,0,11 6,1,100,,8092,1,0,11 6,1,100,,8100,1,0,11 6,1,100,,8086,1,0,11 6,1,100,,8101,1,0,11 6,1,100,,8091,1,0,11 6,1,100,,8098,1,0,11 6,1,100,,8088,1,0,11 6,1,100,,8099,1,0,11 6,1,100,,8097,1,0,11 6,1,100,,8090,1,0,11 6,1
50200,'4',1030,,8106,1,0,11 6,1,100,,8103,1,0,11 6,1,100,,8102,1,0,11 6,1,100,,8104,1,0,11 6,1,100,,8105,1,0,11 6,1,100,,8109,1,0,11 6,1,100,,8107,1,0,11 6,1,100,,8108,1,0,11 6,1
50201,'1',640,,8117,14,4,,1,70,,8130,14,4,,1,30,,8132,14,4,,1,70,,8128,14,4,,1,30,,8118,14,4,,1,70,,6961,14,4,,1,30,,8134,14,4,,1,70,,8131,14,4,,1,30,,8121,14,4,,1,70,,8120,14,4,,1,30,,8125,14,4,,1,70,,8110,14,4,,1,30,,8123,14,4,,1,70,,8136,14,4,,1,30,,8113,14,4,,1,70,,8129,14,4,,1,30,,7053,14,4,,1,70,,8127,14,4,,1,30,,8122,14,4,,1,70,,8126,14,4,,1,30,,8119,14,4,,1,70,,8111,14,4,,1,30,,8115,14,4,,1,70,,8112,14,4,,1,44,,8135,14,4,,1,100,,8116,14,4,,1,100,,8114,14,4,,1,100,,8133,14,4,,1,100,,8124,14,4,,1
50201,'3',655,,8139,14,4,,1,100,,8143,14,4,,1,100,,8142,14,4,,1,100,,8145,14,4,,1,100,,8138,14,4,,1,100,,8140,14,4,,1,100,,8146,14,4,,1,100,,8144,14,4,,1,100,,8137,14,4,,1,100,,8147,14,4,,1,100,,8152,14,4,,1,100,,8151,14,4,,1,100,,8141,14,4,,1,100,,8149,14,4,,1,100,,8150,14,4,,1,100,,8148,14,4,,1
50201,'4',1055,,8154,14,4,,1,100,,8156,14,4,,1,100,,8158,14,4,,1,100,,6938,14,4,,1,100,,8159,14,4,,1,100,,8157,14,4,,1,100,,8155,14,4,,1,100,,8153,14,4,,1
50300,'1',600,,8185,1,0,9 10,1,30,,8162,1,0,9 10,1,70,,8168,1,0,9 10,1,30,,8164,1,0,9 10,1,70,,8170,1,0,9 10,1,30,,8174,1,0,9 10,1,70,,8166,1,0,9 10,1,30,,8181,1,0,9 10,1,70,,8163,1,0,9 10,1,30,,8179,1,0,9 10,1,70,,8188,1,0,9 10,1,30,,8178,1,0,9 10,1,70,,8169,1,0,9 10,1,30,,8171,1,0,9 10,1,70,,8175,1,0,9 10,1,30,,8160,1,0,9 10,1,70,,8187,1,0,9 10,1,30,,8176,1,0,9 10,1,70,,8173,1,0,9 10,1,30,,8165,1,0,9 10,1,70,,8180,1,0,9 10,1,30,,8184,1,0,9 10,1,70,,8183,1,0,9 10,1,30,,8172,1,0,9 10,1,70,,8177,1,0,9 10,1,100,,8161,1,0,9 10,1,100,,8186,1,0,9 10,1,100,,8167,1,0,9 10,1,100,,8182,1,0,9 10,1
50300,'3',600,,8190,1,0,9 10,1,100,,8201,1,0,9 10,1,100,,8196,1,0,9 10,1,100,,8193,1,0,9 10,1,100,,8191,1,0,9 10,1,100,,8189,1,0,9 10,1,100,,8203,1,0,9 10,1,100,,8204,1,0,9 10,1,100,,8200,1,0,9 10,1,100,,8199,1,0,9 10,1,100,,8195,1,0,9 10,1,100,,8198,1,0,9 10,1,100,,8197,1,0,9 10,1,100,,8202,1,0,9 10,1,100,,8194,1,0,9 10,1,100,,8192,1,0,9 10,1
50300,'4',1000,,8212,1,0,9 10,1,100,,8210,1,0,9 10,1,100,,8209,1,0,9 10,1,100,,8206,1,0,9 10,1,100,,8207,1,0,9 10,1,100,,8205,1,0,9 10,1,100,,8211,1,0,9 10,1,100,,8208,1,0,9 10,1
50301,'1',625,,8229,14,4,,1,30,,8217,14,4,,1,70,,8223,14,4,,1,30,,8231,14,4,,1,70,,8218,14,4,,1,30,,8226,14,4,,1,70,,8233,14,4,,1,30,,8216,14,4,,1,70,,8224,14,4,,1,30,,8234,14,4,,1,70,,8237,14,4,,1,30,,8215,14,4,,1,70,,8236,14,4,,1,30,,8239,14,4,,1,70,,8214,14,4,,1,30,,8213,14,4,,1,70,,8238,14,4,,1,30,,8219,14,4,,1,70,,8220,14,4,,1,30,,8235,14,4,,1,70,,8222,14,4,,1,30,,8230,14,4,,1,70,,8227,14,4,,1,30,,7214,14,4,,1,70,,8225,14,4,,1,100,,8228,14,4,,1,100,,8221,14,4,,1,100,,8240,14,4,,1,100,,8232,14,4,,1
50301,'3',625,,8253,14,4,,1,100,,8248,14,4,,1,100,,8250,14,4,,1,100,,8254,14,4,,1,100,,8255,14,4,,1,100,,8243,14,4,,1,100,,8249,14,4,,1,100,,8245,14,4,,1,100,,8252,14,4,,1,100,,8241,14,4,,1,100,,8242,14,4,,1,100,,7645,14,4,,1,100,,8247,14,4,,1,100,,8251,14,4,,1,100,,8246,14,4,,1,100,,8244,14,4,,1
50301,'4',1025,,8256,14,4,,1,100,,8259,14,4,,1,100,,8263,14,4,,1,100,,8258,14,4,,1,100,,8260,14,4,,1,100,,8257,14,4,,1,100,,8262,14,4,,1,100,,8261,14,4,,1
50400,'1',600,,8279,1,0,12 13,1,30,,8272,1,0,12 13,1,70,,8277,1,0,12 13,1,30,,8287,1,0,12 13,1,70,,7310,1,0,12 13,1,30,,8291,1,0,12 13,1,70,,8286,1,0,12 13,1,30,,8290,1,0,12 13,1,70,,8270,1,0,12 13,1,30,,8273,1,0,12 13,1,70,,8281,1,0,12 13,1,30,,8283,1,0,12 13,1,70,,8288,1,0,12 13,1,30,,8284,1,0,12 13,1,70,,8264,1,0,12 13,1,30,,8289,1,0,12 13,1,70,,8266,1,0,12 13,1,30,,8282,1,0,12 13,1,70,,8276,1,0,12 13,1,30,,8274,1,0,12 13,1,70,,8267,1,0,12 13,1,30,,8278,1,0,12 13,1,70,,8285,1,0,12 13,1,30,,8271,1,0,12 13,1,70,,8265,1,0,12 13,1,100,,8269,1,0,12 13,1,100,,8280,1,0,12 13,1,100,,8268,1,0,12 13,1,100,,8275,1,0,12 13,1
50400,'3',600,,8307,1,0,12 13,1,100,,8303,1,0,12 13,1,100,,8292,1,0,12 13,1,100,,8295,1,0,12 13,1,100,,8302,1,0,12 13,1,100,,8299,1,0,12 13,1,100,,8301,1,0,12 13,1,100,,8293,1,0,12 13,1,100,,8300,1,0,12 13,1,100,,8305,1,0,12 13,1,100,,8298,1,0,12 13,1,100,,8304,1,0,12 13,1,100,,8296,1,0,12 13,1,100,,8306,1,0,12 13,1,100,,8294,1,0,12 13,1,100,,8297,1,0,12 13,1
50400,'4',1000,,8313,1,0,12 13,1,100,,8310,1,0,12 13,1,100,,8311,1,0,12 13,1,100,,8309,1,0,12 13,1,100,,8308,1,0,12 13,1,100,,8314,1,0,12 13,1,100,,8312,1,0,12 13,1,100,,7192,1,0,12 13,1
50401,'1',626,,8315,21,4,,1,30,,8336,21,4,,1,70,,8324,21,4,,1,30,,8318,21,4,,1,70,,8326,21,4,,1,30,,8337,21,4,,1,70,,8327,21,4,,1,30,,8334,21,4,,1,70,,5319,21,4,,1,30,,8339,21,4,,1,70,,8332,21,4,,1,30,,8316,21,4,,1,70,,8338,21,4,,1,30,,8330,21,4,,1,70,,8319,21,4,,1,30,,8333,21,4,,1,70,,8335,21,4,,1,30,,8317,21,4,,1,70,,8322,21,4,,1,30,,8320,21,4,,1,70,,8340,21,4,,1,30,,8321,21,4,,1,70,,8331,21,4,,1,30,,8341,21,4,,1,70,,8329,21,4,,1,100,,8328,21,4,,1,100,,8323,21,4,,1,100,,8325,21,4,,1,100,,7566,21,4,,1
50401,'3',626,,8353,21,4,,1,100,,8348,21,4,,1,100,,8343,21,4,,1,100,,8342,21,4,,1,100,,8355,21,4,,1,100,,7696,21,4,,1,100,,8347,21,4,,1,100,,8354,21,4,,1,100,,8346,21,4,,1,100,,8356,21,4,,1,100,,8345,21,4,,1,100,,8351,21,4,,1,100,,8350,21,4,,1,100,,8349,21,4,,1,100,,8352,21,4,,1,100,,8344,21,4,,1
50401,'4',1026,,8359,21,4,,1,100,,8363,21,4,,1,100,,8360,21,4,,1,100,,8357,21,4,,1,100,,8361,21,4,,1,100,,8362,21,4,,1,100,,8358,21,4,,1,100,,8364,21,4,,1
50500,'1',615,,8376,1,0,14 2 15,1,30,,8373,1,0,14 2 15,1,70,,8377,1,0,14 2 15,1,30,,8369,1,0,14 2 15,1,70,,7613,1,0,14 2 15,1,30,,8386,1,0,14 2 15,1,70,,8382,1,0,14 2 15,1,30,,8378,1,0,14 2 15,1,70,,8365,1,0,14 2 15,1,30,,8385,1,0,14 2 15,1,70,,8380,1,0,14 2 15,1,30,,8387,1,0,14 2 15,1,70,,8366,1,0,14 2 15,1,30,,8388,1,0,14 2 15,1,70,,8389,1,0,14 2 15,1,30,,8370,1,0,14 2 15,1,70,,8374,1,0,14 2 15,1,30,,8375,1,0,14 2 15,1,70,,8384,1,0,14 2 15,1,30,,7631,1,0,14 2 15,1,70,,8371,1,0,14 2 15,1,30,,8379,1,0,14 2 15,1,70,,8381,1,0,14 2 15,1,30,,8367,1,0,14 2 15,1,85,,8368,1,0,14 2 15,1,100,,6919,1,0,14 2 15,1,100,,8372,1,0,14 2 15,1,100,,7674,1,0,14 2 15,1,100,,8383,1,0,14 2 15,1
50500,'3',630,,8404,1,0,14 2 15,1,100,,8400,1,0,14 2 15,1,100,,8397,1,0,14 2 15,1,100,,8390,1,0,14 2 15,1,70,,8408,1,0,14 2 15,1,30,,8407,1,0,14 2 15,1,70,,8405,1,0,14 2 15,1,30,,8395,1,0,14 2 15,1,70,,8399,1,0,14 2 15,1,30,,8401,1,0,14 2 15,1,70,,8403,1,0,14 2 15,1,30,,8396,1,0,14 2 15,1,70,,8393,1,0,14 2 15,1,30,,8406,1,0,14 2 15,1,70,,8411,1,0,14 2 15,1,30,,6972,1,0,14 2 15,1,70,,8391,1,0,14 2 15,1,30,,7912,1,0,14 2 15,1,70,,8409,1,0,14 2 15,1,30,,8402,1,0,14 2 15,1,100,,8394,1,0,14 2 15,1,100,,8410,1,0,14 2 15,1,100,,8398,1,0,14 2 15,1,100,,8392,1,0,14 2 15,1
50500,'4',1030,,8413,1,0,14 2 15,1,100,,8414,1,0,14 2 15,1,100,,8416,1,0,14 2 15,1,100,,8419,1,0,14 2 15,1,100,,8417,1,0,14 2 15,1,100,,8415,1,0,14 2 15,1,100,,8412,1,0,14 2 15,1,100,,8418,1,0,14 2 15,1
50501,'1',639,,8442,22,4,,1,70,,8446,22,4,,1,30,,8432,22,4,,1,70,,8445,22,4,,1,30,,8430,22,4,,1,70,,8425,22,4,,1,30,,8439,22,4,,1,70,,8424,22,4,,1,30,,8431,22,4,,1,70,,8435,22,4,,1,30,,8436,22,4,,1,70,,8423,22,4,,1,30,,8441,22,4,,1,70,,8420,22,4,,1,30,,8444,22,4,,1,70,,8443,22,4,,1,30,,8427,22,4,,1,70,,8421,22,4,,1,30,,8440,22,4,,1,70,,8422,22,4,,1,30,,8426,22,4,,1,70,,8434,22,4,,1,30,,8429,22,4,,1,70,,8433,22,4,,1,45,,8428,22,4,,1,100,,8447,22,4,,1,100,,6962,22,4,,1,100,,8438,22,4,,1,100,,8437,22,4,,1
50501,'3',654,,8459,22,4,,1,100,,8465,22,4,,1,100,,8450,22,4,,1,100,,8454,22,4,,1,70,,8461,22,4,,1,30,,8455,22,4,,1,70,,8460,22,4,,1,30,,8457,22,4,,1,70,,8449,22,4,,1,30,,8469,22,4,,1,70,,8458,22,4,,1,30,,8470,22,4,,1,70,,7076,22,4,,1,30,,8463,22,4,,1,70,,8453,22,4,,1,30,,8467,22,4,,1,70,,8466,22,4,,1,30,,8462,22,4,,1,70,,8464,22,4,,1,30,,8448,22,4,,1,100,,8456,22,4,,1,100,,8452,22,4,,1,100,,8468,22,4,,1,100,,8451,22,4,,1
50501,'4',1054,,8476,22,4,,1,100,,8473,22,4,,1,100,,8471,22,4,,1,100,,8474,22,4,,1,100,,8477,22,4,,1,100,,8475,22,4,,1,100,,8478,22,4,,1,100,,8472,22,4,,1
50600,'1',600,,8496,1,0,16 6,1,30,,8488,1,0,16 6,1,70,,8482,1,0,16 6,1,30,,8495,1,0,16 6,1,70,,8498,1,0,16 6,1,30,,8494,1,0,16 6,1,70,,8479,1,0,16 6,1,30,,8491,1,0,16 6,1,70,,8499,1,0,16 6,1,30,,8503,1,0,16 6,1,70,,8483,1,0,16 6,1,30,,8490,1,0,16 6,1,70,,8500,1,0,16 6,1,30,,8489,1,0,16 6,1,70,,8502,1,0,16 6,1,30,,8486,1,0,16 6,1,70,,8505,1,0,16 6,1,30,,8504,1,0,16 6,1,70,,8480,1,0,16 6,1,30,,8497,1,0,16 6,1,70,,8501,1,0,16 6,1,30,,8506,1,0,16 6,1,70,,8481,1,0,16 6,1,30,,8492,1,0,16 6,1,70,,8487,1,0,16 6,1,100,,8485,1,0,16 6,1,100,,7055,1,0,16 6,1,100,,8493,1,0,16 6,1,100,,8484,1,0,16 6,1
50600,'3',600,,8521,1,0,16 6,1,100,,8518,1,0,16 6,1,100,,8516,1,0,16 6,1,100,,8513,1,0,16 6,1,30,,8511,1,0,16 6,1,70,,8527,1,0,16 6,1,30,,8510,1,0,16 6,1,70,,8512,1,0,16 6,1,30,,8531,1,0,16 6,1,70,,8529,1,0,16 6,1,30,,8519,1,0,16 6,1,70,,8523,1,0,16 6,1,30,,8517,1,0,16 6,1,70,,8526,1,0,16 6,1,30,,8530,1,0,16 6,1,70,,8522,1,0,16 6,1,30,,8507,1,0,16 6,1,70,,8520,1,0,16 6,1,30,,8528,1,0,16 6,1,70,,8514,1,0,16 6,1,30,,8509,1,0,16 6,1,70,,8515,1,0,16 6,1,100,,8524,1,0,16 6,1,100,,8525,1,0,16 6,1,100,,8508,1,0,16 6,1
50600,'4',1000,,8533,1,0,16 6,1,100,,8537,1,0,16 6,1,100,,8535,1,0,16 6,1,100,,8534,1,0,16 6,1,100,,8538,1,0,16 6,1,100,,8539,1,0,16 6,1,100,,8532,1,0,16 6,1,100,,8536,1,0,16 6,1
50601,'1',625,,8562,20,4,,1,30,,8553,20,4,,1,70,,8542,20,4,,1,30,,8543,20,4,,1,70,,8550,20,4,,1,30,,8559,20,4,,1,70,,8565,20,4,,1,30,,8544,20,4,,1,70,,8560,20,4,,1,30,,8549,20,4,,1,70,,8566,20,4,,1,30,,8551,20,4,,1,70,,8561,20,4,,1,30,,8564,20,4,,1,70,,8556,20,4,,1,30,,7331,20,4,,1,70,,8540,20,4,,1,30,,8545,20,4,,1,70,,8552,20,4,,1,30,,8554,20,4,,1,70,,8541,20,4,,1,30,,6899,20,4,,1,70,,8558,20,4,,1,30,,8557,20,4,,1,70,,8563,20,4,,1,100,,8548,20,4,,1,100,,8546,20,4,,1,100,,8547,20,4,,1,100,,8555,20,4,,1
50601,'3',625,,8587,20,4,,1,100,,8572,20,4,,1,100,,8574,20,4,,1,100,,8578,20,4,,1,29,,8580,20,4,,1,71,,8583,20,4,,1,29,,8568,20,4,,1,71,,8569,20,4,,1,29,,8576,20,4,,1,71,,8582,20,4,,1,29,,8577,20,4,,1,71,,8586,20,4,,1,29,,8567,20,4,,1,71,,7479,20,4,,1,29,,8570,20,4,,1,71,,7692,20,4,,1,29,,8573,20,4,,1,71,,8581,20,4,,1,29,,8588,20,4,,1,71,,8579,20,4,,1,29,,6926,20,4,,1,71,,8571,20,4,,1,100,,8585,20,4,,1,100,,8584,20,4,,1,100,,8575,20,4,,1
50601,'4',1025,,8594,20,4,,1,100,,8593,20,4,,1,100,,8592,20,4,,1,100,,8589,20,4,,1,100,,8595,20,4,,1,100,,8591,20,4,,1,100,,8590,20,4,,1,100,,8596,20,4,,1
50800,'1',600,,8607,1,0,5 6,1,30,,8619,1,0,5 6,1,70,,8609,1,0,5 6,1,30,,8601,1,0,5 6,1,70,,8600,1,0,5 6,1,30,,8603,1,0,5 6,1,70,,8597,1,0,5 6,1,30,,8617,1,0,5 6,1,70,,8614,1,0,5 6,1,30,,8598,1,0,5 6,1,70,,8615,1,0,5 6,1,30,,8604,1,0,5 6,1,70,,8608,1,0,5 6,1,30,,7513,1,0,5 6,1,70,,7681,1,0,5 6,1,30,,7099,1,0,5 6,1,70,,8616,1,0,5 6,1,30,,8611,1,0,5 6,1,70,,8606,1,0,5 6,1,30,,8610,1,0,5 6,1,70,,8602,1,0,5 6,1,30,,8605,1,0,5 6,1,70,,8621,1,0,5 6,1,30,,8620,1,0,5 6,1,100,,7067,1,0,5 6,1,100,,8599,1,0,5 6,1,100,,8618,1,0,5 6,1,100,,8612,1,0,5 6,1,100,,8613,1,0,5 6,1
50800,'3',630,,8639,1,0,5 6,1,100,,8634,1,0,5 6,1,100,,8633,1,0,5 6,1,100,,8625,1,0,5 6,1,70,,8635,1,0,5 6,1,30,,8630,1,0,5 6,1,70,,8640,1,0,5 6,1,30,,8642,1,0,5 6,1,70,,8629,1,0,5 6,1,30,,8638,1,0,5 6,1,70,,8637,1,0,5 6,1,30,,8627,1,0,5 6,1,70,,8643,1,0,5 6,1,30,,8631,1,0,5 6,1,70,,8641,1,0,5 6,1,30,,8623,1,0,5 6,1,70,,8624,1,0,5 6,1,30,,6975,1,0,5 6,1,70,,8644,1,0,5 6,1,30,,8636,1,0,5 6,1,100,,8626,1,0,5 6,1,100,,8632,1,0,5 6,1,100,,8622,1,0,5 6,1,100,,8628,1,0,5 6,1
50800,'4',1030,,8652,1,0,5 6,1,100,,8649,1,0,5 6,1,100,,8646,1,0,5 6,1,100,,8650,1,0,5 6,1,100,,8647,1,0,5 6,1,100,,8648,1,0,5 6,1,100,,8645,1,0,5 6,1,100,,8651,1,0,5 6,1
50801,'1',623,,8677,8,4,,1,30,,8680,8,4,,1,70,,8669,8,4,,1,30,,8662,8,4,,1,70,,8679,8,4,,1,30,,8660,8,4,,1,70,,7546,8,4,,1,30,,8674,8,4,,1,70,,8654,8,4,,1,30,,8661,8,4,,1,70,,8664,8,4,,1,30,,8672,8,4,,1,70,,8659,8,4,,1,30,,8668,8,4,,1,70,,8665,8,4,,1,30,,8667,8,4,,1,70,,8656,8,4,,1,30,,8658,8,4,,1,70,,8663,8,4,,1,30,,8676,8,4,,1,70,,8657,8,4,,1,30,,8655,8,4,,1,70,,8673,8,4,,1,30,,8671,8,4,,1,100,,8675,8,4,,1,100,,8670,8,4,,1,100,,8666,8,4,,1,100,,8678,8,4,,1,100,,8653,8,4,,1
50801,'3',653,,8702,8,4,,1,100,,8685,8,4,,1,100,,8704,8,4,,1,100,,8691,8,4,,1,70,,8703,8,4,,1,30,,8696,8,4,,1,70,,8695,8,4,,1,30,,8697,8,4,,1,70,,8686,8,4,,1,30,,8683,8,4,,1,70,,8701,8,4,,1,30,,8699,8,4,,1,70,,8698,8,4,,1,30,,8688,8,4,,1,70,,8684,8,4,,1,30,,8681,8,4,,1,70,,8700,8,4,,1,30,,8689,8,4,,1,70,,8690,8,4,,1,30,,8694,8,4,,1,100,,8682,8,4,,1,100,,8687,8,4,,1,100,,8693,8,4,,1,100,,8692,8,4,,1
50801,'4',1053,,8711,8,4,,1,100,,8707,8,4,,1,100,,8712,8,4,,1,100,,8710,8,4,,1,100,,8709,8,4,,1,100,,8705,8,4,,1,100,,8708,8,4,,1,100,,8706,8,4,,1
50900,'1',615,,8715,1,,,1,30,,8730,1,,,1,70,,8732,1,,,1,30,,8713,1,,,1,70,,8717,1,,,1,30,,8738,1,,,1,70,,8714,1,,,1,30,,8716,1,,,1,70,,8721,1,,,1,30,,8722,1,,,1,70,,8725,1,,,1,30,,8733,1,,,1,70,,6917,1,,,1,30,,8718,1,,,1,70,,7272,1,,,1,30,,8736,1,,,1,70,,8726,1,,,1,30,,8719,1,,,1,70,,8737,1,,,1,30,,8727,1,,,1,70,,8720,1,,,1,30,,8731,1,,,1,70,,8723,1,,,1,30,,8729,1,,,1,55,,8728,1,,,1,100,,8734,1,,,1,100,,8724,1,,,1,100,,6860,1,,,1,100,,8735,1,,,1
50900,'3',600,,8756,1,,,1,100,,7232,1,,,1,100,,8749,1,,,1,100,,8757,1,,,1,30,,8740,1,,,1,70,,8752,1,,,1,30,,8747,1,,,1,70,,8745,1,,,1,30,,8760,1,,,1,70,,8743,1,,,1,30,,8739,1,,,1,70,,8750,1,,,1,30,,8748,1,,,1,70,,8759,1,,,1,30,,7524,1,,,1,70,,8742,1,,,1,30,,8754,1,,,1,70,,8758,1,,,1,30,,8746,1,,,1,70,,8744,1,,,1,30,,8755,1,,,1,70,,8741,1,,,1,100,,8751,1,,,1,100,,7411,1,,,1,100,,8753,1,,,1
50900,'4',1000,,8765,1,,,1,100,,8767,1,,,1,100,,8764,1,,,1,100,,8763,1,,,1,100,,8761,1,,,1,100,,8768,1,,,1,100,,8762,1,,,1,100,,8766,1,,,1
50901,'1',641,,8774,21,4,,1,70,,8795,21,4,,1,31,,8790,21,4,,1,70,,8777,21,4,,1,30,,8776,21,4,,1,70,,8770,21,4,,1,30,,8778,21,4,,1,70,,8794,21,4,,1,29,,8781,21,4,,1,70,,8772,21,4,,1,30,,8773,21,4,,1,70,,8783,21,4,,1,30,,8787,21,4,,1,70,,8779,21,4,,1,30,,8782,21,4,,1,70,,8784,21,4,,1,31,,8791,21,4,,1,70,,8796,21,4,,1,30,,8786,21,4,,1,70,,7019,21,4,,1,30,,8788,21,4,,1,70,,8769,21,4,,1,30,,8793,21,4,,1,70,,8775,21,4,,1,15,,8771,21,4,,1,99,,8780,21,4,,1,100,,8792,21,4,,1,100,,8785,21,4,,1,100,,8789,21,4,,1
50901,'3',626,,8798,21,4,,1,101,,8804,21,4,,1,100,,8803,21,4,,1,100,,8805,21,4,,1,30,,8816,21,4,,1,69,,8807,21,4,,1,30,,8806,21,4,,1,70,,8818,21,4,,1,30,,8817,21,4,,1,70,,8809,21,4,,1,30,,8808,21,4,,1,70,,8820,21,4,,1,30,,8811,21,4,,1,71,,8800,21,4,,1,30,,8801,21,4,,1,70,,8799,21,4,,1,30,,8815,21,4,,1,70,,8814,21,4,,1,30,,8821,21,4,,1,70,,8802,21,4,,1,30,,8819,21,4,,1,70,,8797,21,4,,1,99,,8813,21,4,,1,100,,8812,21,4,,1,100,,8810,21,4,,1
50901,'4',1026,,8827,21,4,,1,100,,8829,21,4,,1,100,,8825,21,4,,1,100,,8823,21,4,,1,101,,8824,21,4,,1,100,,8828,21,4,,1,100,,8826,21,4,,1,100,,8822,21,4,,1
