50101,'1',638,,8021,8,0,19,1,70,,8013,8,0,19,1,30,,6836,8,0,19,1,70,,8009,8,0,19,1,30,,8022,8,0,19,1,70,,8011,8,0,19,1,30,,8031,8,0,19,1,70,,8028,8,0,19,1,30,,8019,8,0,19,1,70,,8017,8,0,19,1,30,,8023,8,0,19,1,70,,8027,8,0,19,1,30,,8014,8,0,19,1,70,,8034,8,0,19,1,30,,8025,8,0,19,1,70,,8010,8,0,19,1,30,,8015,8,0,19,1,70,,8020,8,0,19,1,30,,8033,8,0,19,1,70,,8030,8,0,19,1,30,,8035,8,0,19,1,70,,8016,8,0,19,1,30,,8032,8,0,19,1,70,,8024,8,0,19,1,45,,8018,8,0,19,1,100,,8029,8,0,19,1,100,,7666,8,0,19,1,100,,8026,8,0,19,1,100,,8012,8,0,19,1
50101,'3',653,,8048,8,0,19,1,100,,8045,8,0,19,1,100,,8044,8,0,19,1,100,,8041,8,0,19,1,100,,8046,8,0,19,1,100,,8043,8,0,19,1,100,,8039,8,0,19,1,100,,8042,8,0,19,1,100,,8049,8,0,19,1,100,,8051,8,0,19,1,100,,8040,8,0,19,1,100,,8038,8,0,19,1,100,,8037,8,0,19,1,100,,8047,8,0,19,1,100,,8050,8,0,19,1,100,,8036,8,0,19,1
50101,'4',1053,,8058,8,0,19,1,100,,8053,8,0,19,1,100,,8059,8,0,19,1,100,,8057,8,0,19,1,100,,8055,8,0,19,1,100,,8054,8,0,19,1,100,,8052,8,0,19,1,100,,8056,8,0,19,1
50201,'1',638,,8117,12,0,11 6,1,70,,8130,12,0,11 6,1,30,,8132,12,0,11 6,1,70,,8128,12,0,11 6,1,30,,8118,12,0,11 6,1,70,,6961,12,0,11 6,1,30,,8134,12,0,11 6,1,70,,8131,12,0,11 6,1,30,,8121,12,0,11 6,1,70,,8120,12,0,11 6,1,30,,8125,12,0,11 6,1,70,,8110,12,0,11 6,1,30,,8123,12,0,11 6,1,70,,8136,12,0,11 6,1,30,,8113,12,0,11 6,1,70,,8129,12,0,11 6,1,30,,7053,12,0,11 6,1,70,,8127,12,0,11 6,1,30,,8122,12,0,11 6,1,70,,8126,12,0,11 6,1,30,,8119,12,0,11 6,1,70,,8111,12,0,11 6,1,30,,8115,12,0,11 6,1,70,,8112,12,0,11 6,1,44,,8135,12,0,11 6,1,100,,8116,12,0,11 6,1,100,,8114,12,0,11 6,1,100,,8133,12,0,11 6,1,100,,8124,12,0,11 6,1
50201,'3',653,,8139,12,0,11 6,1,100,,8143,12,0,11 6,1,100,,8142,12,0,11 6,1,100,,8145,12,0,11 6,1,100,,8138,12,0,11 6,1,100,,8140,12,0,11 6,1,100,,8146,12,0,11 6,1,100,,8144,12,0,11 6,1,100,,8137,12,0,11 6,1,100,,8147,12,0,11 6,1,100,,8152,12,0,11 6,1,100,,8151,12,0,11 6,1,100,,8141,12,0,11 6,1,100,,8149,12,0,11 6,1,100,,8150,12,0,11 6,1,100,,8148,12,0,11 6,1
50201,'4',1053,,8154,12,0,11 6,1,100,,8156,12,0,11 6,1,100,,8158,12,0,11 6,1,100,,6938,12,0,11 6,1,100,,8159,12,0,11 6,1,100,,8157,12,0,11 6,1,100,,8155,12,0,11 6,1,100,,8153,12,0,11 6,1
50301,'1',623,,8229,12,0,9 10,1,30,,8217,12,0,9 10,1,70,,8223,12,0,9 10,1,30,,8231,12,0,9 10,1,70,,8218,12,0,9 10,1,30,,8226,12,0,9 10,1,70,,8233,12,0,9 10,1,30,,8216,12,0,9 10,1,70,,8224,12,0,9 10,1,30,,8234,12,0,9 10,1,70,,8237,12,0,9 10,1,30,,8215,12,0,9 10,1,70,,8236,12,0,9 10,1,30,,8239,12,0,9 10,1,70,,8214,12,0,9 10,1,30,,8213,12,0,9 10,1,70,,8238,12,0,9 10,1,30,,8219,12,0,9 10,1,70,,8220,12,0,9 10,1,30,,8235,12,0,9 10,1,70,,8222,12,0,9 10,1,30,,8230,12,0,9 10,1,70,,8227,12,0,9 10,1,30,,7214,12,0,9 10,1,70,,8225,12,0,9 10,1,100,,8228,12,0,9 10,1,100,,8221,12,0,9 10,1,100,,8240,12,0,9 10,1,100,,8232,12,0,9 10,1
50301,'3',623,,8253,12,0,9 10,1,100,,8248,12,0,9 10,1,100,,8250,12,0,9 10,1,100,,8254,12,0,9 10,1,100,,8255,12,0,9 10,1,100,,8243,12,0,9 10,1,100,,8249,12,0,9 10,1,100,,8245,12,0,9 10,1,100,,8252,12,0,9 10,1,100,,8241,12,0,9 10,1,100,,8242,12,0,9 10,1,100,,7645,12,0,9 10,1,100,,8247,12,0,9 10,1,100,,8251,12,0,9 10,1,100,,8246,12,0,9 10,1,100,,8244,12,0,9 10,1
50301,'4',1023,,8256,12,0,9 10,1,100,,8259,12,0,9 10,1,100,,8263,12,0,9 10,1,100,,8258,12,0,9 10,1,100,,8260,12,0,9 10,1,100,,8257,12,0,9 10,1,100,,8262,12,0,9 10,1,100,,8261,12,0,9 10,1
50401,'1',625,,8315,19,0,12 13,1,30,,8336,19,0,12 13,1,70,,8324,19,0,12 13,1,30,,8318,19,0,12 13,1,70,,8326,19,0,12 13,1,30,,8337,19,0,12 13,1,70,,8327,19,0,12 13,1,30,,8334,19,0,12 13,1,70,,5319,19,0,12 13,1,30,,8339,19,0,12 13,1,70,,8332,19,0,12 13,1,30,,8316,19,0,12 13,1,70,,8338,19,0,12 13,1,30,,8330,19,0,12 13,1,70,,8319,19,0,12 13,1,30,,8333,19,0,12 13,1,70,,8335,19,0,12 13,1,30,,8317,19,0,12 13,1,70,,8322,19,0,12 13,1,30,,8320,19,0,12 13,1,70,,8340,19,0,12 13,1,30,,8321,19,0,12 13,1,70,,8331,19,0,12 13,1,30,,8341,19,0,12 13,1,70,,8329,19,0,12 13,1,100,,8328,19,0,12 13,1,100,,8323,19,0,12 13,1,100,,8325,19,0,12 13,1,100,,7566,19,0,12 13,1
50401,'3',625,,8353,19,0,12 13,1,100,,8348,19,0,12 13,1,100,,8343,19,0,12 13,1,100,,8342,19,0,12 13,1,100,,8355,19,0,12 13,1,100,,7696,19,0,12 13,1,100,,8347,19,0,12 13,1,100,,8354,19,0,12 13,1,100,,8346,19,0,12 13,1,100,,8356,19,0,12 13,1,100,,8345,19,0,12 13,1,100,,8351,19,0,12 13,1,100,,8350,19,0,12 13,1,100,,8349,19,0,12 13,1,100,,8352,19,0,12 13,1,100,,8344,19,0,12 13,1
50401,'4',1025,,8359,19,0,12 13,1,100,,8363,19,0,12 13,1,100,,8360,19,0,12 13,1,100,,8357,19,0,12 13,1,100,,8361,19,0,12 13,1,100,,8362,19,0,12 13,1,100,,8358,19,0,12 13,1,100,,8364,19,0,12 13,1
50901,'1',639,,8774,19,0,7 8,1,70,,8795,19,0,7 8,1,31,,8790,19,0,7 8,1,70,,8777,19,0,7 8,1,30,,8776,19,0,7 8,1,70,,8770,19,0,7 8,1,30,,8778,19,0,7 8,1,70,,8794,19,0,7 8,1,29,,8781,19,0,7 8,1,70,,8772,19,0,7 8,1,30,,8773,19,0,7 8,1,70,,8783,19,0,7 8,1,30,,8787,19,0,7 8,1,70,,8779,19,0,7 8,1,30,,8782,19,0,7 8,1,70,,8784,19,0,7 8,1,31,,8791,19,0,7 8,1,70,,8796,19,0,7 8,1,30,,8786,19,0,7 8,1,70,,7019,19,0,7 8,1,30,,8788,19,0,7 8,1,70,,8769,19,0,7 8,1,30,,8793,19,0,7 8,1,70,,8775,19,0,7 8,1,15,,8771,19,0,7 8,1,99,,8780,19,0,7 8,1,100,,8792,19,0,7 8,1,100,,8785,19,0,7 8,1,100,,8789,19,0,7 8,1
50901,'3',624,,8798,19,0,7 8,1,101,,8804,19,0,7 8,1,100,,8803,19,0,7 8,1,100,,8805,19,0,7 8,1,30,,8816,19,0,7 8,1,69,,8807,19,0,7 8,1,30,,8806,19,0,7 8,1,70,,8818,19,0,7 8,1,30,,8817,19,0,7 8,1,70,,8809,19,0,7 8,1,30,,8808,19,0,7 8,1,70,,8820,19,0,7 8,1,30,,8811,19,0,7 8,1,71,,8800,19,0,7 8,1,30,,8801,19,0,7 8,1,70,,8799,19,0,7 8,1,30,,8815,19,0,7 8,1,70,,8814,19,0,7 8,1,30,,8821,19,0,7 8,1,70,,8802,19,0,7 8,1,30,,8819,19,0,7 8,1,70,,8797,19,0,7 8,1,99,,8813,19,0,7 8,1,100,,8812,19,0,7 8,1,100,,8810,19,0,7 8,1
50901,'4',1024,,8827,19,0,7 8,1,100,,8829,19,0,7 8,1,100,,8825,19,0,7 8,1,100,,8823,19,0,7 8,1,101,,8824,19,0,7 8,1,100,,8828,19,0,7 8,1,100,,8826,19,0,7 8,1,100,,8822,19,0,7 8,1
