75100,'11',715,,8830,15,,,1,100,,8835,15,,,1,100,,8832,15,,,1,100,,8833,15,,,1,100,,8846,15,,,1,100,,8840,15,,,1,100,,8836,15,,,1,100,,8843,15,,,1,100,,8838,15,,,1,100,,8845,15,,,1,100,,8831,15,,,1,100,,8839,15,,,1,100,,8844,15,,,1,100,,8834,15,,,1,100,,8837,15,,,1,100,,8841,15,,,1,100,,8842,15,,,1
75100,'2',715,,8855,15,,,1,100,,8862,15,,,1,100,,8850,15,,,1,100,,8853,15,,,1,100,,8852,15,,,1,100,,8860,15,,,1,100,,8847,15,,,1,100,,8861,15,,,1,100,,8848,15,,,1,100,,8856,15,,,1,100,,8851,15,,,1,100,,8857,15,,,1,100,,8858,15,,,1,100,,8854,15,,,1,100,,7515,15,,,1,100,,8849,15,,,1,100,,8859,15,,,1
75100,'6',1015,,8868,15,,,1,100,,8863,15,,,1,100,,8870,15,,,1,100,,8866,15,,,1,100,,8865,15,,,1,100,,8869,15,,,1,100,,8864,15,,,1,100,,8867,15,,,1
75100,'8',715,,8879,15,,,1,100,,8886,15,,,1,100,,8874,15,,,1,100,,8877,15,,,1,100,,8876,15,,,1,100,,8884,15,,,1,100,,8871,15,,,1,100,,8885,15,,,1,100,,8872,15,,,1,100,,8880,15,,,1,100,,8875,15,,,1,100,,8881,15,,,1,100,,8882,15,,,1,100,,8878,15,,,1,100,,8887,15,,,1,100,,8873,15,,,1,100,,8883,15,,,1
75100,'9',1015,,8888,15,,,1,100,,8893,15,,,1,100,,8891,15,,,1,100,,8892,15,,,1,100,,8889,15,,,1,100,,8890,15,,,1,100,,8894,15,,,1,100,,8895,15,,,1
75101,'11',737,,8908,11,0,17 18,1,100,,8900,11,0,17 18,1,100,,8905,11,0,17 18,1,100,,8912,11,0,17 18,1,100,,8897,11,0,17 18,1,100,,8909,11,0,17 18,1,100,,8907,11,0,17 18,1,100,,8903,11,0,17 18,1,100,,8901,11,0,17 18,1,100,,8910,11,0,17 18,1,100,,8899,11,0,17 18,1,100,,8898,11,0,17 18,1,100,,8911,11,0,17 18,1,100,,8902,11,0,17 18,1,100,,8906,11,0,17 18,1,100,,8896,11,0,17 18,1,100,,8904,11,0,17 18,1
75101,'2',737,,8925,11,0,17 18,1,100,,8928,11,0,17 18,1,100,,8926,11,0,17 18,1,100,,7671,11,0,17 18,1,100,,8915,11,0,17 18,1,100,,8922,11,0,17 18,1,100,,8919,11,0,17 18,1,100,,8923,11,0,17 18,1,100,,8916,11,0,17 18,1,100,,8927,11,0,17 18,1,100,,8917,11,0,17 18,1,100,,8924,11,0,17 18,1,100,,8921,11,0,17 18,1,100,,8920,11,0,17 18,1,100,,8913,11,0,17 18,1,100,,8918,11,0,17 18,1,100,,8914,11,0,17 18,1
75101,'6',1037,,8930,11,0,17 18,1,100,,8931,11,0,17 18,1,100,,8933,11,0,17 18,1,100,,8936,11,0,17 18,1,100,,8929,11,0,17 18,1,100,,8932,11,0,17 18,1,100,,8934,11,0,17 18,1,100,,8935,11,0,17 18,1
75101,'8',737,,8950,11,0,17 18,1,100,,8953,11,0,17 18,1,100,,8951,11,0,17 18,1,100,,8941,11,0,17 18,1,100,,8939,11,0,17 18,1,100,,8947,11,0,17 18,1,100,,8944,11,0,17 18,1,100,,8948,11,0,17 18,1,100,,8940,11,0,17 18,1,100,,8952,11,0,17 18,1,100,,8942,11,0,17 18,1,100,,8949,11,0,17 18,1,100,,8946,11,0,17 18,1,100,,8945,11,0,17 18,1,100,,8937,11,0,17 18,1,100,,8943,11,0,17 18,1,100,,8938,11,0,17 18,1
75101,'9',1037,,8961,11,0,17 18,1,100,,8958,11,0,17 18,1,100,,8960,11,0,17 18,1,100,,8954,11,0,17 18,1,100,,8959,11,0,17 18,1,100,,8957,11,0,17 18,1,100,,8955,11,0,17 18,1,100,,8956,11,0,17 18,1
