75100,'11',700,,8830,1,,,1,100,,8835,1,,,1,100,,8832,1,,,1,100,,8833,1,,,1,100,,8846,1,,,1,100,,8840,1,,,1,100,,8836,1,,,1,100,,8843,1,,,1,100,,8838,1,,,1,100,,8845,1,,,1,100,,8831,1,,,1,100,,8839,1,,,1,100,,8844,1,,,1,100,,8834,1,,,1,100,,8837,1,,,1,100,,8841,1,,,1,100,,8842,1,,,1
75100,'2',700,,8855,1,,,1,100,,8862,1,,,1,100,,8850,1,,,1,100,,8853,1,,,1,100,,8852,1,,,1,100,,8860,1,,,1,100,,8847,1,,,1,100,,8861,1,,,1,100,,8848,1,,,1,100,,8856,1,,,1,100,,8851,1,,,1,100,,8857,1,,,1,100,,8858,1,,,1,100,,8854,1,,,1,100,,7515,1,,,1,100,,8849,1,,,1,100,,8859,1,,,1
75100,'6',1000,,8868,1,,,1,100,,8863,1,,,1,100,,8870,1,,,1,100,,8866,1,,,1,100,,8865,1,,,1,100,,8869,1,,,1,100,,8864,1,,,1,100,,8867,1,,,1
75100,'8',700,,8879,1,,,1,100,,8886,1,,,1,100,,8874,1,,,1,100,,8877,1,,,1,100,,8876,1,,,1,100,,8884,1,,,1,100,,8871,1,,,1,100,,8885,1,,,1,100,,8872,1,,,1,100,,8880,1,,,1,100,,8875,1,,,1,100,,8881,1,,,1,100,,8882,1,,,1,100,,8878,1,,,1,100,,8887,1,,,1,100,,8873,1,,,1,100,,8883,1,,,1
75100,'9',1000,,8888,1,,,1,100,,8893,1,,,1,100,,8891,1,,,1,100,,8892,1,,,1,100,,8889,1,,,1,100,,8890,1,,,1,100,,8894,1,,,1,100,,8895,1,,,1
75101,'11',746,,8908,16,4,,1,100,,8900,16,4,,1,100,,8905,16,4,,1,100,,8912,16,4,,1,100,,8897,16,4,,1,100,,8909,16,4,,1,100,,8907,16,4,,1,100,,8903,16,4,,1,100,,8901,16,4,,1,100,,8910,16,4,,1,100,,8899,16,4,,1,100,,8898,16,4,,1,100,,8911,16,4,,1,100,,8902,16,4,,1,100,,8906,16,4,,1,100,,8896,16,4,,1,100,,8904,16,4,,1
75101,'2',746,,8925,16,4,,1,100,,8928,16,4,,1,100,,8926,16,4,,1,100,,7671,16,4,,1,100,,8915,16,4,,1,100,,8922,16,4,,1,100,,8919,16,4,,1,100,,8923,16,4,,1,100,,8916,16,4,,1,100,,8927,16,4,,1,100,,8917,16,4,,1,100,,8924,16,4,,1,100,,8921,16,4,,1,100,,8920,16,4,,1,100,,8913,16,4,,1,100,,8918,16,4,,1,100,,8914,16,4,,1
75101,'6',1046,,8930,16,4,,1,100,,8931,16,4,,1,100,,8933,16,4,,1,100,,8936,16,4,,1,100,,8929,16,4,,1,100,,8932,16,4,,1,100,,8934,16,4,,1,100,,8935,16,4,,1
75101,'8',746,,8950,16,4,,1,100,,8953,16,4,,1,100,,8951,16,4,,1,100,,8941,16,4,,1,100,,8939,16,4,,1,100,,8947,16,4,,1,100,,8944,16,4,,1,100,,8948,16,4,,1,100,,8940,16,4,,1,100,,8952,16,4,,1,100,,8942,16,4,,1,100,,8949,16,4,,1,100,,8946,16,4,,1,100,,8945,16,4,,1,100,,8937,16,4,,1,100,,8943,16,4,,1,100,,8938,16,4,,1
75101,'9',1046,,8961,16,4,,1,100,,8958,16,4,,1,100,,8960,16,4,,1,100,,8954,16,4,,1,100,,8959,16,4,,1,100,,8957,16,4,,1,100,,8955,16,4,,1,100,,8956,16,4,,1
